timestep_time,vehicle_angle,vehicle_id,vehicle_lane,vehicle_pos,vehicle_slope,vehicle_speed,vehicle_type,vehicle_x,vehicle_y
0,90.42,veh_0,-0_0,5.1,0,0,DEFAULT_VEHTYPE,5.09,-1.45
1,90.42,veh_0,-0_0,6.85,0,1.75,DEFAULT_VEHTYPE,6.84,-1.46
2,90.42,veh_0,-0_0,10.51,0,3.66,DEFAULT_VEHTYPE,10.5,-1.49
3,90.42,veh_0,-0_0,16.25,0,5.75,DEFAULT_VEHTYPE,16.24,-1.53
4,90.42,veh_0,-0_0,23.58,0,7.33,DEFAULT_VEHTYPE,23.57,-1.58
5,90.42,veh_0,-0_0,32.51,0,8.92,DEFAULT_VEHTYPE,32.5,-1.65
6,90.42,veh_0,-0_0,43.52,0,11.01,DEFAULT_VEHTYPE,43.51,-1.73
7,88.7,veh_0,-0_0,56.27,0,12.75,DEFAULT_VEHTYPE,56.25,-1.61
8,85.65,veh_0,-0_0,71.1,0,14.84,DEFAULT_VEHTYPE,71.06,-0.74
9,82.14,veh_0,-0_0,88.11,0,17,DEFAULT_VEHTYPE,87.95,1.24
10,78.23,veh_0,-0_0,106.43,0,18.32,DEFAULT_VEHTYPE,105.96,4.54
11,74.39,veh_0,-0_0,124.7,0,18.28,DEFAULT_VEHTYPE,123.68,9.02
12,70.57,veh_0,-0_0,143.04,0,18.33,DEFAULT_VEHTYPE,141.11,14.69
13,56.64,veh_0,-0_0,160.8,0,17.76,DEFAULT_VEHTYPE,157.09,22.24
14,21.05,veh_0,-0_0,178.48,0,17.68,DEFAULT_VEHTYPE,166.76,36.71
15,344.88,veh_0,-0_0,196.7,0,18.22,DEFAULT_VEHTYPE,166.14,54.61
16,309.7,veh_0,-0_0,214.38,0,17.68,DEFAULT_VEHTYPE,155.47,68.36
17,314.63,veh_0,-0_0,232.63,0,18.25,DEFAULT_VEHTYPE,140.99,79.34
18,339.43,veh_0,-0_0,251.11,0,18.48,DEFAULT_VEHTYPE,131.93,95.28
19,3.74,veh_0,-0_0,269.15,0,18.04,DEFAULT_VEHTYPE,130.36,113.11
20,29.01,veh_0,-0_0,287.98,0,18.83,DEFAULT_VEHTYPE,136.67,130.69
21,46.68,veh_0,-0_0,306.39,0,18.41,DEFAULT_VEHTYPE,149.08,144.21
22,56.66,veh_0,-0_0,324.51,0,18.11,DEFAULT_VEHTYPE,163.25,155.42
23,70.53,veh_0,-0_0,342.21,0,17.7,DEFAULT_VEHTYPE,179.33,162.73
24,85.42,veh_0,-0_0,361.08,0,18.87,DEFAULT_VEHTYPE,197.86,166.01
25,99.67,veh_0,-0_0,379.1,0,18.01,DEFAULT_VEHTYPE,215.77,164.59
26,114.66,veh_0,-0_0,398.05,0,18.95,DEFAULT_VEHTYPE,233.62,158.41
27,129.1,veh_0,-0_0,416.43,0,18.38,DEFAULT_VEHTYPE,248.86,148.21
28,144.37,veh_0,-0_0,435.32,0,18.89,DEFAULT_VEHTYPE,261.37,134.15
29,160.85,veh_0,-0_0,453.87,0,18.55,DEFAULT_VEHTYPE,269.24,117.42
30,176.6,veh_0,-0_0,471.82,0,17.95,DEFAULT_VEHTYPE,272.05,99.75
31,193.28,veh_0,-0_0,490.42,0,18.6,DEFAULT_VEHTYPE,269.71,81.37
32,209.03,veh_0,-0_0,508.14,0,17.72,DEFAULT_VEHTYPE,262.71,65.15
33,224.99,veh_0,-0_0,526.91,0,18.77,DEFAULT_VEHTYPE,250.85,50.68
34,155.49,veh_0,-0_0,545.1,0,18.19,DEFAULT_VEHTYPE,249.49,34.02
35,71.34,veh_0,-0_0,563.97,0,18.86,DEFAULT_VEHTYPE,266.34,30.44
36,62.99,veh_0,-0_0,582.04,0,18.07,DEFAULT_VEHTYPE,282.44,38.65
37,62.99,veh_0,-0_0,600.92,0,18.88,DEFAULT_VEHTYPE,299.26,47.22
38,62.99,veh_0,-0_0,619.12,0,18.2,DEFAULT_VEHTYPE,315.48,55.49
39,62.99,veh_0,-0_0,637.59,0,18.46,DEFAULT_VEHTYPE,331.93,63.88
40,56.55,veh_0,-0_0,655.26,0,17.68,DEFAULT_VEHTYPE,347.34,72.49
41,36.29,veh_0,-0_0,673.79,0,18.53,DEFAULT_VEHTYPE,360.05,85.84
42,15.83,veh_0,-0_0,692.41,0,18.62,DEFAULT_VEHTYPE,367.35,102.87
43,355.44,veh_0,-0_0,710.99,0,18.57,DEFAULT_VEHTYPE,368.24,121.32
44,335.2,veh_0,-0_0,729.35,0,18.37,DEFAULT_VEHTYPE,362.74,138.75
45,316.37,veh_0,-0_0,747.89,0,18.54,DEFAULT_VEHTYPE,351.55,153.42
46,330.68,veh_0,-0_0,766.42,0,18.53,DEFAULT_VEHTYPE,340.96,168.56
47,346.28,veh_0,-0_0,784.9,0,18.47,DEFAULT_VEHTYPE,334.83,185.93
48,1.21,veh_0,-0_0,802.68,0,17.79,DEFAULT_VEHTYPE,333.53,203.61
49,16.37,veh_0,-0_0,820.68,0,18,DEFAULT_VEHTYPE,336.91,221.24
50,31.5,veh_0,-0_0,838.79,0,18.12,DEFAULT_VEHTYPE,344.82,237.47
51,41.54,veh_0,-0_0,856.91,0,18.11,DEFAULT_VEHTYPE,356.39,251.37
52,8.29,veh_0,-0_0,875.75,0,18.84,DEFAULT_VEHTYPE,362.92,268.75
53,336.58,veh_0,-0_0,893.5,0,17.75,DEFAULT_VEHTYPE,359.25,285.89
54,302.81,veh_0,-0_0,912.42,0,18.92,DEFAULT_VEHTYPE,346.11,299.12
55,272.19,veh_0,-0_0,930.44,0,18.03,DEFAULT_VEHTYPE,328.73,303.03
56,271.17,veh_0,-0_0,948.91,0,18.47,DEFAULT_VEHTYPE,310.27,303.41
57,271.17,veh_0,-0_0,966.66,0,17.75,DEFAULT_VEHTYPE,292.52,303.77
58,271.17,veh_0,-0_0,985.49,0,18.83,DEFAULT_VEHTYPE,273.7,304.16
59,266.54,veh_0,-0_0,1004.25,0,18.76,DEFAULT_VEHTYPE,254.95,303.76
60,260.25,veh_0,-0_0,1022.21,0,17.96,DEFAULT_VEHTYPE,237.15,301.42
61,254.11,veh_0,-0_0,1040.03,0,17.83,DEFAULT_VEHTYPE,219.84,297.22
62,248,veh_0,-0_0,1057.96,0,17.93,DEFAULT_VEHTYPE,202.98,291.14
63,241.76,veh_0,-0_0,1076.03,0,18.06,DEFAULT_VEHTYPE,186.75,283.22
64,235.6,veh_0,-0_0,1093.88,0,17.85,DEFAULT_VEHTYPE,171.65,273.71
65,229.12,veh_0,-0_0,1112.72,0,18.84,DEFAULT_VEHTYPE,156.92,261.98
66,226.33,veh_0,-0_0,1130.94,0,18.22,DEFAULT_VEHTYPE,143.77,249.38
67,231.89,veh_0,-0_0,1148.83,0,17.89,DEFAULT_VEHTYPE,130.09,237.87
68,237.76,veh_0,-0_0,1167.14,0,18.31,DEFAULT_VEHTYPE,114.97,227.55
69,243.4,veh_0,-0_0,1184.98,0,17.85,DEFAULT_VEHTYPE,99.32,218.99
70,249.1,veh_0,-0_0,1203.08,0,18.09,DEFAULT_VEHTYPE,82.67,211.93
71,254.67,veh_0,-0_0,1220.88,0,17.8,DEFAULT_VEHTYPE,65.69,206.61
72,260.25,veh_0,-0_0,1238.54,0,17.67,DEFAULT_VEHTYPE,48.4,203.01
73,265.99,veh_0,-0_0,1257.02,0,18.47,DEFAULT_VEHTYPE,30.04,201.05
74,266.76,veh_0,-0_0,1275.31,0,18.3,DEFAULT_VEHTYPE,11.77,200.01
