timestep_time;vehicle_angle;vehicle_id;vehicle_lane;vehicle_pos;vehicle_slope;vehicle_speed;vehicle_type;vehicle_x;vehicle_y
0.00;90.42;veh_0;-0_0;5.10;0.00;0.00;DEFAULT_VEHTYPE;5.09;-1.45
1.00;90.42;veh_0;-0_0;6.85;0.00;1.75;DEFAULT_VEHTYPE;6.84;-1.46
2.00;90.42;veh_0;-0_0;10.51;0.00;3.66;DEFAULT_VEHTYPE;10.50;-1.49
3.00;90.42;veh_0;-0_0;16.25;0.00;5.74;DEFAULT_VEHTYPE;16.24;-1.53
4.00;90.42;veh_0;-0_0;23.58;0.00;7.33;DEFAULT_VEHTYPE;23.57;-1.58
5.00;90.42;veh_0;-0_0;32.51;0.00;8.93;DEFAULT_VEHTYPE;32.50;-1.65
6.00;90.42;veh_0;-0_0;43.52;0.00;11.01;DEFAULT_VEHTYPE;43.51;-1.73
7.00;88.29;veh_0;-0_0;56.26;0.00;12.74;DEFAULT_VEHTYPE;56.25;-1.61
8.00;85.14;veh_0;-0_0;71.10;0.00;14.84;DEFAULT_VEHTYPE;71.06;-0.74
9.00;81.15;veh_0;-0_0;88.11;0.00;17.01;DEFAULT_VEHTYPE;87.95;1.24
10.00;77.69;veh_0;-0_0;106.42;0.00;18.31;DEFAULT_VEHTYPE;105.96;4.54
11.00;73.82;veh_0;-0_0;124.70;0.00;18.28;DEFAULT_VEHTYPE;123.68;9.02
12.00;69.94;veh_0;-0_0;143.03;0.00;18.33;DEFAULT_VEHTYPE;141.11;14.69
13.00;53.40;veh_0;-0_0;160.79;0.00;17.76;DEFAULT_VEHTYPE;157.09;22.24
14.00;14.95;veh_0;-0_0;178.48;0.00;17.68;DEFAULT_VEHTYPE;166.76;36.71
15.00;341.14;veh_0;-0_0;196.70;0.00;18.22;DEFAULT_VEHTYPE;166.14;54.61
16.00;303.24;veh_0;-0_0;214.38;0.00;17.68;DEFAULT_VEHTYPE;155.47;68.36
17.00;318.17;veh_0;-0_0;232.63;0.00;18.25;DEFAULT_VEHTYPE;140.99;79.34
18.00;344.01;veh_0;-0_0;251.11;0.00;18.48;DEFAULT_VEHTYPE;131.93;95.28
19.00;7.50;veh_0;-0_0;269.15;0.00;18.04;DEFAULT_VEHTYPE;130.36;113.11
20.00;33.11;veh_0;-0_0;287.98;0.00;18.83;DEFAULT_VEHTYPE;136.67;130.69
21.00;46.68;veh_0;-0_0;306.40;0.00;18.41;DEFAULT_VEHTYPE;149.08;144.21
22.00;58.43;veh_0;-0_0;324.51;0.00;18.11;DEFAULT_VEHTYPE;163.25;155.42
23.00;72.12;veh_0;-0_0;342.21;0.00;17.71;DEFAULT_VEHTYPE;179.33;162.73
24.00;87.36;veh_0;-0_0;361.09;0.00;18.87;DEFAULT_VEHTYPE;197.86;166.01
25.00;101.54;veh_0;-0_0;379.10;0.00;18.01;DEFAULT_VEHTYPE;215.77;164.59
26.00;116.70;veh_0;-0_0;398.05;0.00;18.95;DEFAULT_VEHTYPE;233.62;158.41
27.00;130.66;veh_0;-0_0;416.44;0.00;18.39;DEFAULT_VEHTYPE;248.86;148.21
28.00;146.96;veh_0;-0_0;435.32;0.00;18.88;DEFAULT_VEHTYPE;261.37;134.15
29.00;162.68;veh_0;-0_0;453.87;0.00;18.55;DEFAULT_VEHTYPE;269.24;117.42
30.00;177.94;veh_0;-0_0;471.82;0.00;17.95;DEFAULT_VEHTYPE;272.05;99.75
31.00;195.46;veh_0;-0_0;490.42;0.00;18.59;DEFAULT_VEHTYPE;269.71;81.37
32.00;210.91;veh_0;-0_0;508.14;0.00;17.72;DEFAULT_VEHTYPE;262.71;65.15
33.00;225.49;veh_0;-0_0;526.91;0.00;18.77;DEFAULT_VEHTYPE;250.85;50.68
34.00;148.23;veh_0;-0_0;545.11;0.00;18.20;DEFAULT_VEHTYPE;249.49;34.02
35.00;62.99;veh_0;-0_0;563.97;0.00;18.86;DEFAULT_VEHTYPE;266.34;30.44
36.00;62.99;veh_0;-0_0;582.04;0.00;18.07;DEFAULT_VEHTYPE;282.44;38.65
37.00;62.99;veh_0;-0_0;600.92;0.00;18.88;DEFAULT_VEHTYPE;299.26;47.22
38.00;62.99;veh_0;-0_0;619.12;0.00;18.21;DEFAULT_VEHTYPE;315.48;55.49
39.00;62.99;veh_0;-0_0;637.59;0.00;18.47;DEFAULT_VEHTYPE;331.93;63.88
40.00;52.69;veh_0;-0_0;655.26;0.00;17.67;DEFAULT_VEHTYPE;347.34;72.49
41.00;32.39;veh_0;-0_0;673.79;0.00;18.53;DEFAULT_VEHTYPE;360.05;85.84
42.00;11.75;veh_0;-0_0;692.42;0.00;18.63;DEFAULT_VEHTYPE;367.35;102.87
43.00;353.63;veh_0;-0_0;710.99;0.00;18.57;DEFAULT_VEHTYPE;368.24;121.32
44.00;333.19;veh_0;-0_0;729.36;0.00;18.37;DEFAULT_VEHTYPE;362.74;138.75
45.00;317.71;veh_0;-0_0;747.89;0.00;18.53;DEFAULT_VEHTYPE;351.55;153.42
46.00;332.26;veh_0;-0_0;766.42;0.00;18.53;DEFAULT_VEHTYPE;340.96;168.56
47.00;348.52;veh_0;-0_0;784.90;0.00;18.48;DEFAULT_VEHTYPE;334.83;185.93
48.00;3.23;veh_0;-0_0;802.68;0.00;17.78;DEFAULT_VEHTYPE;333.53;203.61
49.00;18.16;veh_0;-0_0;820.68;0.00;18.00;DEFAULT_VEHTYPE;336.91;221.24
50.00;33.04;veh_0;-0_0;838.79;0.00;18.11;DEFAULT_VEHTYPE;344.82;237.47
51.00;38.66;veh_0;-0_0;856.91;0.00;18.11;DEFAULT_VEHTYPE;356.39;251.37
52.00;4.88;veh_0;-0_0;875.74;0.00;18.84;DEFAULT_VEHTYPE;362.92;268.75
53.00;330.89;veh_0;-0_0;893.50;0.00;17.75;DEFAULT_VEHTYPE;359.25;285.89
54.00;297.05;veh_0;-0_0;912.42;0.00;18.92;DEFAULT_VEHTYPE;346.11;299.12
55.00;271.17;veh_0;-0_0;930.44;0.00;18.02;DEFAULT_VEHTYPE;328.73;303.03
56.00;271.17;veh_0;-0_0;948.91;0.00;18.46;DEFAULT_VEHTYPE;310.27;303.41
57.00;271.17;veh_0;-0_0;966.66;0.00;17.75;DEFAULT_VEHTYPE;292.52;303.77
58.00;271.17;veh_0;-0_0;985.48;0.00;18.82;DEFAULT_VEHTYPE;273.70;304.16
59.00;266.04;veh_0;-0_0;1004.25;0.00;18.76;DEFAULT_VEHTYPE;254.95;303.76
60.00;259.75;veh_0;-0_0;1022.21;0.00;17.96;DEFAULT_VEHTYPE;237.15;301.42
61.00;253.63;veh_0;-0_0;1040.03;0.00;17.82;DEFAULT_VEHTYPE;219.84;297.22
62.00;247.36;veh_0;-0_0;1057.96;0.00;17.93;DEFAULT_VEHTYPE;202.98;291.14
63.00;240.89;veh_0;-0_0;1076.03;0.00;18.07;DEFAULT_VEHTYPE;186.75;283.22
64.00;234.66;veh_0;-0_0;1093.88;0.00;17.85;DEFAULT_VEHTYPE;171.65;273.71
65.00;228.41;veh_0;-0_0;1112.72;0.00;18.84;DEFAULT_VEHTYPE;156.92;261.98
66.00;226.85;veh_0;-0_0;1130.94;0.00;18.21;DEFAULT_VEHTYPE;143.77;249.38
67.00;233.19;veh_0;-0_0;1148.82;0.00;17.89;DEFAULT_VEHTYPE;130.09;237.87
68.00;238.79;veh_0;-0_0;1167.14;0.00;18.31;DEFAULT_VEHTYPE;114.97;227.55
69.00;244.21;veh_0;-0_0;1184.98;0.00;17.85;DEFAULT_VEHTYPE;99.32;218.99
70.00;249.92;veh_0;-0_0;1203.07;0.00;18.09;DEFAULT_VEHTYPE;82.67;211.93
71.00;255.33;veh_0;-0_0;1220.88;0.00;17.80;DEFAULT_VEHTYPE;65.69;206.61
72.00;261.01;veh_0;-0_0;1238.54;0.00;17.67;DEFAULT_VEHTYPE;48.40;203.01
73.00;266.76;veh_0;-0_0;1257.02;0.00;18.47;DEFAULT_VEHTYPE;30.04;201.05
74.00;266.76;veh_0;-0_0;1275.32;0.00;18.30;DEFAULT_VEHTYPE;11.77;200.01
